1 2
1 3
1 4
1 5
1 6
1 7
1 8
1 9
1 10
1 11
1 12
1 13
1 14
1 15
1 16
1 17
1 18
1 19
1 20
1 21
1 22
1 23
1 24
1 25
1 26
1 27
1 28
1 29
1 30
1 31
1 32
1 33
1 34
1 35
1 36
1 37
1 38
1 39
1 40
1 41
1 42
1 43
1 44
1 45
1 46
1 47
1 48
1 49
1 50
1 51
1 52
1 53
1 54
1 55
1 56
1 57
1 58
1 59
1 60
1 61
1 62
1 63
1 64
1 65
1 66
1 67
1 68
1 69
1 70
1 71
1 72
1 73
1 74
1 75
1 76
1 77
1 78
1 79
1 80
1 81
1 82
1 83
1 84
1 85
1 86
1 87
1 88
1 89
1 90
1 91
1 92
1 93
1 94
1 95
1 96
1 97
1 98
1 99
1 100
1 101
1 102
1 103
1 104
1 105
1 106
1 107
1 108
1 109
1 110
1 111
1 112
1 113
1 114
1 115
1 116
1 117
1 118
1 119
1 120
1 121
1 122
1 123
1 124
1 125
1 126
1 127
1 128
1 129
1 130
1 131
1 132
1 133
1 134
1 135
1 136
1 137
1 138
1 139
1 140
1 141
1 142
1 143
1 144
1 145
2 3
2 145
3 4
4 5
5 6
6 7
7 8
8 9
9 10
10 11
11 12
12 13
13 14
14 15
15 16
16 17
17 18
18 19
19 20
20 21
21 22
22 23
23 24
24 25
25 26
26 27
27 28
28 29
29 30
30 31
31 32
32 33
33 34
34 35
35 36
36 37
37 38
38 39
39 40
40 41
41 42
42 43
43 44
44 45
45 46
46 47
47 48
48 49
49 50
50 51
51 52
52 53
53 54
54 55
55 56
56 57
57 58
58 59
59 60
60 61
61 62
62 63
63 64
64 65
65 66
66 67
67 68
68 69
69 70
70 71
71 72
72 73
73 74
74 75
75 76
76 77
77 78
78 79
79 80
80 81
81 82
82 83
83 84
84 85
85 86
86 87
87 88
88 89
89 90
90 91
91 92
92 93
93 94
94 95
95 96
96 97
97 98
98 99
99 100
100 101
101 102
102 103
103 104
104 105
105 106
106 107
107 108
108 109
109 110
110 111
111 112
112 113
113 114
114 115
115 116
116 117
117 118
118 119
119 120
120 121
121 122
122 123
123 124
124 125
125 126
126 127
127 128
128 129
129 130
130 131
131 132
132 133
133 134
134 135
135 136
136 137
137 138
138 139
139 140
140 141
141 142
142 143
143 144
144 145
145 146
146 147
147 160
147 210
147 213
147 341
147 346
147 398
147 409
147 421
147 441
147 448
147 480
147 490
147 494
148 177
148 182
148 236
148 279
148 303
148 338
148 340
148 422
148 427
148 439
148 463
148 466
148 468
149 198
149 208
149 225
149 246
149 263
149 279
149 287
149 328
149 366
149 400
149 407
149 437
149 440
150 173
150 195
150 225
150 239
150 245
150 261
150 267
150 286
150 320
150 329
150 403
150 415
150 490
151 169
151 185
151 199
151 227
151 304
151 321
151 325
151 366
151 370
151 377
151 421
151 422
151 442
152 194
152 207
152 224
152 228
152 237
152 253
152 329
152 330
152 339
152 374
152 424
152 426
152 459
153 160
153 173
153 229
153 280
153 291
153 317
153 324
153 348
153 362
153 415
153 427
153 476
153 484
154 198
154 251
154 266
154 321
154 323
154 335
154 362
154 385
154 414
154 432
154 447
154 469
154 478
155 188
155 189
155 217
155 249
155 291
155 318
155 326
155 356
155 412
155 420
155 435
155 441
155 447
156 199
156 212
156 228
156 273
156 281
156 295
156 301
156 353
156 354
156 358
156 373
156 400
156 427
157 205
157 213
157 229
157 377
157 386
157 400
157 406
157 423
157 426
157 452
157 458
157 476
157 491
158 165
158 171
158 173
158 179
158 206
158 226
158 232
158 237
158 243
158 312
158 336
158 364
158 470
159 170
159 233
159 242
159 267
159 277
159 332
159 340
159 341
159 349
159 359
159 371
159 376
159 417
160 226
160 246
160 271
160 293
160 299
160 311
160 358
160 414
160 419
160 423
160 493
161 167
161 201
161 210
161 250
161 311
161 316
161 345
161 384
161 432
161 480
161 492
161 495
161 499
162 186
162 235
162 258
162 270
162 365
162 401
162 405
162 410
162 418
162 437
162 443
162 473
162 494
163 190
163 199
163 200
163 217
163 219
163 251
163 299
163 308
163 332
163 348
163 359
163 374
163 481
164 181
164 198
164 236
164 291
164 294
164 295
164 298
164 309
164 363
164 374
164 395
164 473
164 474
165 210
165 213
165 230
165 250
165 268
165 284
165 315
165 333
165 347
165 391
165 416
165 438
166 189
166 208
166 244
166 279
166 310
166 316
166 381
166 387
166 395
166 396
166 419
166 425
166 459
167 216
167 221
167 255
167 256
167 259
167 268
167 281
167 282
167 365
167 372
167 379
167 403
168 208
168 248
168 256
168 273
168 299
168 322
168 348
168 353
168 354
168 382
168 402
168 424
168 472
169 198
169 246
169 248
169 259
169 275
169 287
169 338
169 378
169 414
169 429
169 463
169 486
170 192
170 231
170 265
170 317
170 334
170 367
170 410
170 450
170 454
170 471
170 475
170 477
171 207
171 218
171 233
171 293
171 294
171 367
171 387
171 412
171 435
171 443
171 472
171 479
172 205
172 253
172 258
172 296
172 304
172 307
172 344
172 406
172 414
172 437
172 445
172 460
172 467
173 291
173 321
173 340
173 374
173 411
173 416
173 421
173 423
173 460
173 467
174 220
174 227
174 231
174 234
174 238
174 280
174 285
174 373
174 385
174 462
174 466
174 477
174 485
175 205
175 236
175 241
175 266
175 290
175 341
175 366
175 369
175 445
175 446
175 478
175 492
175 496
176 187
176 197
176 200
176 214
176 246
176 338
176 355
176 356
176 364
176 413
176 444
176 462
176 484
177 214
177 256
177 312
177 356
177 380
177 388
177 406
177 424
177 453
177 465
177 482
177 490
178 204
178 213
178 240
178 295
178 305
178 308
178 313
178 320
178 360
178 389
178 406
178 470
178 473
179 228
179 237
179 241
179 251
179 287
179 315
179 340
179 414
179 420
179 427
179 448
179 473
180 199
180 222
180 264
180 307
180 312
180 314
180 324
180 341
180 354
180 388
180 395
180 465
180 471
181 208
181 217
181 235
181 244
181 249
181 257
181 280
181 287
181 441
181 481
181 484
181 498
182 238
182 252
182 285
182 386
182 390
182 431
182 450
182 458
182 466
182 475
182 479
182 497
183 228
183 272
183 282
183 288
183 298
183 325
183 347
183 365
183 368
183 373
183 384
183 408
183 468
184 200
184 226
184 265
184 266
184 274
184 337
184 339
184 347
184 440
184 450
184 459
184 470
184 473
185 201
185 218
185 234
185 243
185 258
185 294
185 298
185 324
185 354
185 418
185 456
185 484
186 248
186 256
186 258
186 281
186 291
186 303
186 305
186 309
186 344
186 401
186 441
186 456
187 216
187 221
187 250
187 257
187 259
187 269
187 350
187 398
187 420
187 438
187 441
187 486
188 202
188 203
188 252
188 258
188 289
188 290
188 298
188 306
188 352
188 405
188 428
188 447
189 190
189 250
189 257
189 283
189 294
189 304
189 330
189 339
189 393
189 489
189 496
190 232
190 240
190 277
190 278
190 323
190 337
190 347
190 362
190 418
190 443
190 448
191 196
191 200
191 210
191 211
191 234
191 282
191 308
191 312
191 386
191 439
191 450
191 458
191 474
192 251
192 287
192 294
192 305
192 310
192 315
192 374
192 389
192 433
192 436
192 445
192 486
193 202
193 213
193 217
193 271
193 275
193 276
193 278
193 294
193 318
193 320
193 345
193 410
193 463
194 274
194 286
194 302
194 318
194 332
194 333
194 358
194 371
194 411
194 413
194 470
194 486
195 199
195 218
195 231
195 234
195 247
195 258
195 262
195 269
195 297
195 369
195 389
195 451
196 199
196 212
196 215
196 311
196 326
196 339
196 350
196 368
196 387
196 394
196 407
196 496
197 205
197 211
197 230
197 254
197 300
197 309
197 371
197 393
197 399
197 453
197 473
197 493
198 276
198 286
198 312
198 327
198 330
198 404
198 409
198 443
198 478
199 288
199 351
199 357
199 360
199 398
199 429
199 491
200 278
200 314
200 326
200 372
200 383
200 387
200 423
200 476
200 491
201 222
201 291
201 335
201 377
201 382
201 383
201 384
201 403
201 405
201 453
201 491
202 264
202 278
202 305
202 310
202 326
202 396
202 400
202 434
202 437
202 441
202 446
203 217
203 257
203 265
203 308
203 337
203 349
203 352
203 408
203 415
203 434
203 455
203 495
204 223
204 284
204 287
204 288
204 313
204 322
204 327
204 345
204 347
204 357
204 403
204 407
205 212
205 260
205 277
205 313
205 350
205 371
205 390
205 465
205 483
206 234
206 302
206 305
206 332
206 343
206 361
206 380
206 422
206 446
206 460
206 480
206 486
207 235
207 267
207 300
207 322
207 334
207 363
207 369
207 384
207 431
207 433
207 473
208 227
208 244
208 260
208 308
208 327
208 378
208 394
208 418
208 471
209 228
209 232
209 250
209 290
209 328
209 343
209 379
209 384
209 387
209 391
209 395
209 454
209 455
210 236
210 239
210 261
210 275
210 307
210 327
210 394
210 420
210 496
211 220
211 255
211 296
211 324
211 369
211 415
211 420
211 431
211 443
211 457
211 468
212 318
212 355
212 399
212 417
212 432
212 434
212 438
212 460
212 477
212 493
213 218
213 238
213 280
213 336
213 339
213 442
213 464
213 476
214 244
214 256
214 257
214 279
214 361
214 376
214 380
214 429
214 452
214 475
214 494
215 218
215 243
215 285
215 307
215 312
215 358
215 359
215 405
215 413
215 452
215 470
215 490
216 267
216 280
216 355
216 361
216 409
216 420
216 432
216 443
216 447
216 465
216 492
217 226
217 240
217 243
217 262
217 277
217 295
217 317
217 450
218 257
218 278
218 288
218 333
218 376
218 431
218 434
218 452
219 242
219 267
219 327
219 340
219 386
219 405
219 419
219 456
219 479
219 481
219 495
219 500
220 226
220 247
220 251
220 259
220 354
220 394
220 407
220 434
220 483
220 485
220 498
221 238
221 253
221 279
221 285
221 355
221 364
221 423
221 451
221 459
221 462
221 478
222 237
222 250
222 255
222 295
222 319
222 325
222 360
222 462
222 470
222 472
222 492
223 227
223 228
223 321
223 323
223 363
223 375
223 392
223 404
223 410
223 429
223 441
223 456
224 234
224 245
224 255
224 300
224 359
224 364
224 392
224 413
224 417
224 482
224 484
224 490
225 229
225 236
225 270
225 272
225 289
225 320
225 340
225 378
225 385
225 450
225 452
226 240
226 273
226 289
226 307
226 344
226 368
226 419
226 429
227 240
227 248
227 265
227 306
227 399
227 401
227 404
227 469
227 489
228 240
228 241
228 352
228 397
228 404
228 414
228 486
229 235
229 266
229 341
229 379
229 384
229 412
229 413
229 476
229 481
229 499
230 274
230 278
230 289
230 316
230 363
230 368
230 393
230 411
230 427
230 429
230 483
231 274
231 291
231 302
231 311
231 338
231 421
231 437
231 439
231 450
231 489
232 267
232 276
232 328
232 342
232 344
232 446
232 467
232 480
232 485
232 487
233 259
233 261
233 301
233 322
233 345
233 348
233 369
233 397
233 416
233 475
233 482
234 238
234 273
234 313
234 315
234 389
234 408
234 426
235 252
235 273
235 274
235 278
235 336
235 346
235 369
235 376
235 399
236 291
236 364
236 369
236 392
236 422
236 438
236 460
236 475
237 253
237 264
237 323
237 363
237 402
237 422
237 425
237 459
237 491
238 256
238 308
238 322
238 363
238 392
238 404
238 462
238 491
239 262
239 298
239 331
239 361
239 372
239 397
239 409
239 449
239 451
239 456
239 465
240 248
240 253
240 272
240 336
240 430
240 450
240 497
241 259
241 293
241 346
241 353
241 365
241 373
241 381
241 411
241 418
241 493
242 280
242 283
242 314
242 326
242 360
242 397
242 440
242 447
242 450
242 472
242 496
243 255
243 276
243 291
243 324
243 359
243 371
243 395
243 437
243 481
244 262
244 277
244 314
244 321
244 325
244 406
244 455
244 485
244 500
245 292
245 323
245 356
245 373
245 401
245 417
245 443
245 452
245 454
245 477
245 483
246 256
246 258
246 269
246 391
246 428
246 434
246 441
246 449
246 458
247 270
247 294
247 317
247 324
247 333
247 362
247 429
247 433
247 482
247 488
247 497
248 321
248 322
248 359
248 400
248 402
248 411
248 451
248 498
249 251
249 302
249 352
249 360
249 366
249 376
249 448
249 461
249 481
249 490
249 498
250 334
250 342
250 389
250 440
250 465
250 473
250 497
251 379
251 421
251 444
251 451
251 477
251 482
251 500
252 281
252 329
252 343
252 359
252 373
252 384
252 392
252 445
252 455
252 499
253 317
253 349
253 361
253 425
253 482
253 486
253 488
253 490
254 262
254 302
254 322
254 367
254 392
254 397
254 405
254 412
254 419
254 462
254 471
254 483
255 271
255 279
255 309
255 401
255 409
255 410
255 435
255 447
256 273
256 331
256 405
256 427
256 465
256 484
257 301
257 331
257 345
257 346
257 356
257 408
257 496
258 261
258 274
258 324
258 360
258 480
258 489
259 289
259 301
259 343
259 378
259 396
259 417
259 491
260 262
260 268
260 289
260 316
260 318
260 319
260 340
260 356
260 403
260 445
260 449
261 313
261 317
261 328
261 356
261 392
261 409
261 431
261 434
261 471
262 269
262 284
262 298
262 378
262 393
262 403
262 425
263 265
263 292
263 362
263 367
263 371
263 377
263 380
263 393
263 408
263 440
263 475
263 483
264 285
264 289
264 312
264 327
264 383
264 390
264 399
264 457
264 458
264 460
265 307
265 329
265 414
265 423
265 430
265 439
265 441
265 479
266 283
266 309
266 353
266 380
266 396
266 432
266 435
266 436
266 459
267 294
267 311
267 336
267 368
267 416
267 418
267 455
268 290
268 300
268 309
268 352
268 358
268 361
268 374
268 405
268 423
268 484
269 303
269 331
269 335
269 336
269 340
269 342
269 345
269 478
269 491
270 297
270 308
270 342
270 360
270 365
270 372
270 374
270 398
270 472
270 483
271 276
271 302
271 303
271 391
271 405
271 440
271 463
271 467
271 479
271 481
272 309
272 313
272 326
272 330
272 371
272 384
272 419
272 437
272 470
272 493
273 295
273 355
273 373
273 392
273 406
273 417
273 443
274 283
274 306
274 318
274 402
274 404
274 457
274 481
275 305
275 323
275 326
275 349
275 372
275 411
275 426
275 428
275 472
275 497
276 316
276 372
276 375
276 415
276 433
276 455
276 482
276 486
277 352
277 372
277 385
277 406
277 445
277 446
277 454
277 469
278 297
278 331
278 385
278 410
278 484
278 495
279 317
279 322
279 343
279 350
279 381
279 401
279 460
280 299
280 313
280 337
280 407
280 422
280 426
280 463
281 291
281 306
281 318
281 319
281 333
281 361
281 381
281 421
281 464
282 330
282 337
282 355
282 365
282 402
282 418
282 468
282 489
282 492
282 500
283 298
283 301
283 325
283 337
283 366
283 368
283 371
283 380
283 499
284 307
284 313
284 381
284 393
284 396
284 398
284 423
284 434
284 467
284 471
285 289
285 312
285 404
285 426
285 453
285 477
285 479
285 500
286 287
286 319
286 334
286 364
286 369
286 375
286 397
286 418
286 437
286 488
287 314
287 346
287 351
287 356
287 360
287 433
288 292
288 296
288 354
288 386
288 444
288 463
288 477
288 484
288 492
289 317
289 383
289 408
289 411
289 448
290 291
290 308
290 314
290 373
290 376
290 440
290 465
290 486
290 500
291 412
291 497
292 311
292 356
292 380
292 446
292 447
292 467
292 469
292 479
292 488
292 493
293 330
293 332
293 353
293 359
293 365
293 402
293 415
293 419
293 438
293 456
294 350
294 386
294 428
294 488
294 495
295 348
295 361
295 405
295 413
295 445
295 459
295 485
296 362
296 377
296 390
296 391
296 406
296 416
296 421
296 424
296 430
296 432
297 336
297 379
297 425
297 437
297 438
297 440
297 474
297 482
297 483
297 491
298 328
298 347
298 440
298 444
298 481
298 499
299 329
299 334
299 362
299 408
299 427
299 460
299 461
299 476
299 488
300 319
300 344
300 354
300 377
300 407
300 409
300 431
300 446
300 468
301 306
301 315
301 338
301 384
301 449
301 467
301 469
301 489
302 303
302 327
302 364
302 401
302 472
302 499
302 500
303 320
303 334
303 357
303 390
303 420
303 425
303 448
303 451
304 318
304 369
304 403
304 404
304 405
304 413
304 414
304 439
304 442
304 467
305 355
305 374
305 376
305 426
305 432
305 452
305 464
306 316
306 336
306 415
306 438
306 451
306 474
306 494
306 498
307 313
307 328
307 333
307 343
307 475
307 483
308 315
308 418
308 425
308 429
308 497
309 319
309 357
309 361
309 379
309 449
309 498
310 323
310 325
310 332
310 335
310 349
310 352
310 371
310 436
310 483
310 498
311 329
311 357
311 379
311 423
311 425
311 464
311 475
312 332
312 356
312 374
312 388
312 390
313 402
313 412
313 468
313 496
314 338
314 383
314 387
314 402
314 444
314 459
314 487
315 357
315 363
315 393
315 413
315 445
315 479
315 487
316 353
316 357
316 358
316 382
316 396
316 484
316 486
317 330
317 389
317 442
317 461
317 495
318 375
318 391
318 400
318 409
318 431
319 321
319 332
319 338
319 382
319 443
319 463
319 473
320 377
320 388
320 423
320 424
320 458
320 469
320 476
320 479
321 362
321 367
321 388
321 403
321 420
321 434
322 325
322 350
322 357
322 386
322 435
323 339
323 380
323 390
323 466
323 480
323 499
324 358
324 375
324 411
324 449
324 462
324 497
325 343
325 430
325 449
325 453
325 487
325 493
326 340
326 378
326 408
326 413
326 426
326 447
327 366
327 370
327 417
327 428
327 457
327 471
328 338
328 380
328 382
328 383
328 412
328 447
328 471
329 347
329 353
329 354
329 370
329 386
329 400
329 425
330 334
330 354
330 369
330 380
330 424
330 482
331 387
331 389
331 394
331 407
331 457
331 458
331 478
331 493
332 354
332 388
332 389
332 427
332 465
333 342
333 343
333 369
333 429
333 432
333 439
333 443
334 346
334 354
334 446
334 451
334 472
334 494
335 346
335 381
335 386
335 396
335 412
335 417
335 422
335 453
335 468
336 339
336 350
336 426
336 475
336 489
337 379
337 415
337 417
337 431
337 444
337 453
337 494
338 345
338 361
338 392
338 464
338 467
339 342
339 379
339 381
339 424
339 481
339 492
340 360
340 397
340 424
340 487
341 358
341 372
341 379
341 421
341 447
341 462
341 474
341 487
342 359
342 363
342 376
342 389
342 440
342 471
342 500
343 428
343 464
343 465
343 470
343 473
344 348
344 375
344 382
344 395
344 422
344 430
344 457
344 474
345 346
345 454
345 456
345 475
345 485
345 498
346 367
346 369
346 373
346 390
346 400
347 377
347 378
347 396
347 402
347 480
347 494
348 362
348 375
348 412
348 419
348 432
348 466
348 493
349 358
349 366
349 374
349 421
349 442
349 459
349 469
349 485
350 378
350 386
350 428
350 455
350 460
350 471
351 391
351 396
351 410
351 417
351 422
351 427
351 430
351 431
351 436
351 465
351 495
352 353
352 386
352 436
352 442
352 464
352 480
353 387
353 411
353 415
353 416
353 449
354 378
354 478
355 365
355 375
355 378
355 415
355 431
355 444
356 406
356 422
356 477
357 360
357 368
357 452
357 485
357 495
358 408
358 409
358 458
358 469
359 365
359 404
359 428
359 466
360 397
360 404
360 482
361 394
361 436
361 474
362 403
362 435
362 448
362 474
363 445
363 447
363 481
363 490
363 493
364 366
364 397
364 404
364 454
364 469
364 493
365 399
365 458
365 473
365 480
366 401
366 416
366 419
366 458
366 476
367 383
367 385
367 425
367 431
367 457
367 492
367 494
368 387
368 390
368 414
368 459
368 470
368 495
369 413
370 416
370 424
370 435
370 438
370 444
370 445
370 461
370 485
370 492
370 494
371 394
371 417
371 448
371 454
372 401
372 424
372 442
372 457
372 466
373 379
373 383
373 411
373 482
374 454
374 455
374 493
375 399
375 421
375 455
375 468
375 496
376 438
376 447
376 448
376 478
376 488
377 391
377 426
377 436
377 454
377 494
378 389
378 428
378 487
379 394
379 499
380 388
380 488
380 499
381 386
381 398
381 404
381 466
381 478
381 497
382 396
382 418
382 422
382 459
382 461
382 462
382 486
383 388
383 398
383 420
383 455
383 461
384 438
384 464
384 475
384 488
385 399
385 400
385 439
385 455
385 457
385 483
385 489
386 393
387 414
387 450
387 456
387 496
388 399
388 401
388 424
388 434
388 459
389 398
389 490
389 495
390 412
390 436
390 461
390 476
391 398
391 428
391 439
391 461
391 493
392 417
392 489
392 498
392 500
393 410
393 447
393 456
393 476
393 482
394 430
394 438
394 439
394 442
394 461
395 433
395 438
395 439
395 440
395 442
395 473
395 487
396 413
396 467
396 479
397 410
397 426
397 456
397 478
398 421
398 427
398 441
398 442
399 411
399 446
399 460
399 477
400 428
400 435
400 490
400 491
401 412
401 415
401 467
402 406
402 407
402 422
402 441
403 439
403 455
403 469
403 487
404 435
405 413
405 421
406 441
406 462
406 477
407 421
407 424
407 444
407 458
407 496
408 424
408 446
408 449
408 492
409 429
409 435
409 442
409 479
410 432
410 445
410 466
410 471
411 450
411 456
412 446
412 450
413 432
414 449
414 462
414 497
415 430
415 482
416 423
416 443
416 448
416 478
416 484
417 443
418 438
418 452
418 468
419 483
419 494
419 497
419 499
420 425
420 429
420 436
420 437
422 490
423 431
423 457
425 436
425 470
426 444
426 452
427 463
427 474
427 485
428 458
428 498
429 467
429 494
430 454
430 455
430 468
430 478
430 484
431 489
432 458
432 476
433 436
433 442
433 468
433 474
433 480
433 495
433 500
434 451
434 456
434 496
435 457
435 487
435 488
436 485
436 492
437 461
437 469
437 489
439 492
439 498
440 459
440 484
441 491
442 449
443 452
444 449
444 475
444 477
445 468
445 494
446 491
446 499
448 477
448 486
448 500
449 451
450 476
451 453
451 464
451 465
452 480
452 485
453 457
453 460
453 463
453 466
453 495
454 466
454 487
454 500
456 499
457 489
460 461
460 463
461 469
461 488
462 464
462 471
463 474
463 478
463 495
464 471
464 486
464 497
465 496
466 469
466 490
467 470
468 497
470 492
470 498
472 474
472 483
472 489
472 490
472 491
473 487
474 481
475 498
476 479
477 487
479 499
480 488
480 496
481 500
485 488
