1 2
1 3
1 4
1 6
1 7
1 8
1 9
1 10
1 11
1 12
1 13
1 14
1 15
1 16
1 17
1 18
1 19
1 20
1 21
1 22
1 23
1 24
1 25
1 26
1 27
1 28
1 29
1 30
1 31
1 32
1 33
1 34
1 35
1 36
1 37
1 38
1 39
1 40
1 41
1 42
1 43
1 44
1 45
1 46
1 47
1 48
1 49
1 50
1 51
1 52
1 53
1 54
1 55
1 56
1 57
1 58
1 59
1 60
1 61
1 62
1 63
1 64
1 65
1 66
1 67
1 68
1 69
1 70
1 71
1 72
1 73
1 74
1 75
1 76
1 77
1 78
1 79
1 80
1 81
1 82
1 83
1 84
1 85
1 86
1 87
1 88
1 89
1 90
1 91
1 92
1 93
1 94
1 95
1 96
1 97
1 98
1 99
1 100
1 101
1 102
1 103
1 104
1 105
1 106
1 107
1 108
1 109
1 110
1 111
1 112
1 113
1 114
1 115
1 116
1 117
1 118
1 119
1 120
1 121
1 122
1 123
1 124
1 125
1 126
1 127
1 128
1 129
1 130
1 131
1 132
1 133
1 134
1 135
1 136
1 137
1 138
1 139
1 140
1 141
1 142
1 143
1 144
1 145
2 3
2 145
3 4
4 5
5 6
6 7
7 8
8 9
9 10
10 11
11 12
12 13
13 14
14 15
15 16
16 17
17 18
18 19
19 20
20 21
21 22
22 23
23 24
24 25
25 26
26 27
27 28
28 29
29 30
30 31
31 32
32 33
33 34
34 35
35 36
36 37
37 38
38 39
39 40
40 41
41 42
42 43
43 44
44 45
45 46
46 47
47 48
48 49
49 50
50 51
51 52
52 53
53 54
54 55
55 56
56 57
57 58
58 59
59 60
60 61
61 62
62 63
63 64
64 65
65 66
66 67
67 68
68 69
69 70
70 71
71 72
72 73
73 74
74 75
75 76
76 77
77 78
78 79
79 80
80 81
81 82
82 83
83 84
84 85
85 86
86 87
87 88
88 89
89 90
90 91
91 92
92 93
93 94
94 95
95 96
96 97
97 98
98 99
99 100
100 101
101 102
102 103
103 104
104 105
105 106
106 107
107 108
108 109
109 110
110 111
111 112
112 113
113 114
114 115
115 116
116 117
117 118
118 119
119 120
120 121
121 122
122 123
123 124
124 125
125 126
126 127
127 128
128 129
129 130
130 131
131 132
132 133
133 134
134 135
135 136
136 137
137 138
138 139
139 140
140 141
141 142
142 143
143 144
144 145
145 146
146 147
147 159
147 187
147 195
147 205
147 211
147 248
147 249
147 393
147 430
147 434
147 438
147 442
147 443
148 150
148 162
148 275
148 279
148 311
148 326
148 361
148 364
148 371
148 407
148 460
148 470
148 472
149 163
149 200
149 306
149 316
149 330
149 334
149 357
149 363
149 367
149 402
149 425
149 448
149 474
150 151
150 183
150 295
150 321
150 325
150 346
150 368
150 374
150 413
150 443
150 488
150 490
151 152
151 155
151 178
151 201
151 229
151 255
151 273
151 317
151 338
151 358
151 372
151 473
152 153
152 176
152 188
152 214
152 254
152 276
152 279
152 304
152 336
152 370
152 399
152 469
152 486
153 154
153 163
153 164
153 182
153 184
153 225
153 229
153 249
153 265
153 292
153 298
153 315
153 467
154 219
154 237
154 258
154 260
154 334
154 351
154 365
154 411
154 452
154 458
154 488
154 494
155 184
155 214
155 220
155 259
155 315
155 329
155 380
155 384
155 435
155 444
155 473
155 484
156 214
156 219
156 278
156 281
156 320
156 363
156 379
156 388
156 412
156 421
156 423
156 460
156 465
157 164
157 182
157 186
157 223
157 265
157 269
157 287
157 288
157 301
157 329
157 333
157 383
157 477
158 189
158 195
158 282
158 303
158 331
158 337
158 407
158 416
158 422
158 441
158 444
158 452
158 459
159 184
159 200
159 241
159 268
159 288
159 311
159 362
159 367
159 390
159 474
159 478
159 492
160 193
160 230
160 263
160 292
160 305
160 319
160 333
160 336
160 342
160 420
160 459
160 465
160 476
161 162
161 210
161 224
161 233
161 249
161 260
161 289
161 312
161 334
161 351
161 419
161 443
161 497
162 168
162 201
162 222
162 278
162 281
162 288
162 409
162 413
162 416
162 445
162 479
163 199
163 229
163 239
163 259
163 267
163 280
163 295
163 373
163 392
163 419
163 431
164 177
164 214
164 216
164 227
164 229
164 284
164 301
164 336
164 372
164 389
164 491
165 209
165 220
165 254
165 262
165 357
165 359
165 389
165 409
165 431
165 432
165 467
165 477
165 498
166 185
166 190
166 203
166 232
166 304
166 329
166 340
166 347
166 359
166 388
166 437
166 478
166 492
167 168
167 173
167 239
167 268
167 275
167 276
167 355
167 375
167 421
167 432
167 478
167 480
167 489
168 175
168 188
168 191
168 210
168 215
168 224
168 243
168 272
168 401
168 451
168 468
169 174
169 187
169 196
169 264
169 279
169 318
169 357
169 369
169 386
169 387
169 442
169 479
169 496
170 180
170 263
170 266
170 280
170 341
170 344
170 353
170 372
170 382
170 403
170 446
170 456
170 465
171 175
171 247
171 268
171 282
171 302
171 310
171 319
171 322
171 375
171 422
171 426
171 446
171 476
172 195
172 238
172 248
172 256
172 290
172 339
172 385
172 391
172 402
172 424
172 459
172 478
172 489
173 197
173 227
173 255
173 264
173 310
173 333
173 336
173 356
173 487
173 494
173 496
173 500
174 208
174 243
174 244
174 252
174 263
174 281
174 299
174 377
174 389
174 434
174 438
174 443
175 185
175 220
175 240
175 298
175 310
175 342
175 364
175 368
175 381
175 384
175 459
176 178
176 202
176 273
176 327
176 332
176 378
176 385
176 404
176 451
176 456
176 461
176 492
177 194
177 215
177 251
177 256
177 273
177 285
177 331
177 370
177 398
177 432
177 433
177 493
178 227
178 254
178 281
178 287
178 294
178 348
178 412
178 443
178 448
178 470
178 486
179 180
179 238
179 239
179 246
179 324
179 364
179 384
179 402
179 408
179 416
179 470
179 479
179 491
180 231
180 244
180 257
180 270
180 288
180 309
180 328
180 353
180 369
180 376
180 447
181 241
181 249
181 254
181 258
181 290
181 292
181 338
181 350
181 391
181 428
181 480
181 489
181 492
182 197
182 213
182 221
182 228
182 270
182 271
182 348
182 373
182 396
182 465
182 494
183 225
183 228
183 303
183 332
183 370
183 393
183 398
183 407
183 427
183 428
183 433
183 482
184 202
184 204
184 256
184 289
184 340
184 344
184 394
184 425
184 463
184 498
185 188
185 242
185 256
185 299
185 302
185 308
185 327
185 344
185 355
185 413
185 463
186 194
186 216
186 241
186 273
186 316
186 323
186 326
186 395
186 401
186 406
186 416
186 459
187 199
187 211
187 246
187 265
187 273
187 393
187 422
187 423
187 465
187 478
187 491
188 201
188 216
188 269
188 296
188 369
188 374
188 377
188 379
188 450
188 451
189 200
189 221
189 231
189 273
189 302
189 332
189 357
189 379
189 389
189 426
189 471
189 472
190 197
190 199
190 222
190 230
190 237
190 275
190 343
190 413
190 419
190 437
190 477
190 487
191 209
191 232
191 281
191 286
191 291
191 309
191 344
191 369
191 391
191 463
191 480
191 486
192 236
192 283
192 287
192 294
192 310
192 358
192 361
192 394
192 396
192 405
192 406
192 417
192 454
193 214
193 221
193 229
193 266
193 307
193 341
193 365
193 382
193 394
193 401
193 464
193 470
194 212
194 225
194 239
194 292
194 312
194 362
194 371
194 381
194 413
194 449
194 488
195 280
195 285
195 317
195 330
195 374
195 391
195 409
195 473
195 484
195 490
196 257
196 275
196 293
196 305
196 362
196 434
196 435
196 468
196 471
196 489
196 492
196 499
197 210
197 235
197 277
197 278
197 316
197 331
197 350
197 378
197 390
197 434
198 240
198 243
198 289
198 295
198 316
198 323
198 358
198 397
198 414
198 459
198 463
198 495
198 499
199 210
199 226
199 232
199 291
199 308
199 334
199 345
199 372
199 411
199 440
200 203
200 210
200 271
200 306
200 308
200 363
200 409
200 441
200 473
200 485
201 217
201 230
201 266
201 268
201 317
201 357
201 416
201 444
201 468
201 481
202 256
202 267
202 272
202 287
202 336
202 373
202 382
202 393
202 428
202 489
202 495
203 226
203 232
203 249
203 325
203 337
203 343
203 367
203 420
203 459
203 475
203 479
204 251
204 276
204 348
204 376
204 379
204 386
204 403
204 420
204 432
204 486
204 490
204 497
205 233
205 247
205 270
205 276
205 311
205 337
205 398
205 413
205 415
205 416
205 419
205 454
206 227
206 246
206 255
206 262
206 299
206 313
206 315
206 322
206 364
206 396
206 424
206 443
206 454
207 209
207 235
207 295
207 309
207 322
207 328
207 346
207 348
207 358
207 391
207 428
207 431
207 473
208 293
208 306
208 322
208 349
208 360
208 361
208 374
208 439
208 479
208 491
208 496
208 497
209 241
209 294
209 327
209 335
209 354
209 364
209 366
209 402
209 476
209 483
210 234
210 269
210 297
210 381
210 396
210 414
210 438
210 485
211 219
211 220
211 234
211 241
211 253
211 336
211 343
211 350
211 426
211 436
211 475
212 214
212 250
212 295
212 307
212 319
212 364
212 374
212 451
212 453
212 467
212 483
212 484
213 269
213 285
213 313
213 324
213 331
213 348
213 352
213 402
213 423
213 477
213 479
213 483
214 218
214 243
214 279
214 313
214 316
214 435
214 499
215 243
215 296
215 306
215 347
215 354
215 363
215 393
215 404
215 428
215 446
215 455
216 237
216 283
216 284
216 290
216 333
216 334
216 338
216 354
216 377
216 417
217 226
217 272
217 277
217 298
217 323
217 339
217 351
217 352
217 411
217 487
217 489
217 500
218 237
218 243
218 313
218 336
218 348
218 387
218 398
218 448
218 461
218 488
218 489
218 497
219 262
219 288
219 313
219 316
219 319
219 363
219 417
219 428
219 458
219 488
220 245
220 263
220 271
220 291
220 380
220 398
220 399
220 441
220 485
221 280
221 305
221 332
221 340
221 346
221 390
221 403
221 421
221 490
221 499
222 232
222 264
222 317
222 323
222 351
222 356
222 414
222 425
222 435
222 476
222 487
223 239
223 251
223 298
223 323
223 345
223 353
223 369
223 381
223 428
223 447
223 457
223 500
224 284
224 295
224 298
224 331
224 342
224 352
224 391
224 403
224 412
224 419
224 423
225 228
225 245
225 268
225 289
225 364
225 408
225 423
225 450
225 473
225 492
226 228
226 247
226 300
226 319
226 358
226 406
226 425
226 434
226 441
226 481
227 254
227 277
227 357
227 386
227 395
227 461
227 462
227 464
227 497
228 245
228 259
228 323
228 363
228 389
228 400
228 402
228 411
228 485
229 266
229 294
229 300
229 323
229 446
229 450
229 462
229 466
230 237
230 253
230 322
230 365
230 416
230 445
230 457
230 467
230 483
230 500
231 274
231 282
231 312
231 326
231 354
231 402
231 408
231 416
231 447
231 457
231 461
232 238
232 254
232 274
232 353
232 366
232 400
232 402
232 444
233 245
233 278
233 293
233 294
233 307
233 339
233 392
233 406
233 421
233 450
233 485
234 250
234 254
234 280
234 323
234 383
234 395
234 401
234 430
234 459
234 482
234 498
235 236
235 265
235 307
235 357
235 358
235 377
235 383
235 388
235 391
235 471
235 496
236 253
236 292
236 352
236 366
236 421
236 424
236 432
236 462
236 482
236 497
236 498
237 264
237 287
237 347
237 406
237 409
237 440
237 445
237 456
238 240
238 260
238 352
238 361
238 386
238 417
238 432
238 450
238 471
238 483
239 288
239 343
239 350
239 380
239 383
239 417
239 440
239 494
240 252
240 256
240 300
240 301
240 393
240 415
240 429
240 448
240 451
240 462
241 306
241 329
241 333
241 353
241 372
241 375
241 433
241 442
242 274
242 282
242 296
242 345
242 368
242 405
242 422
242 438
242 442
242 455
242 467
242 496
243 257
243 357
243 363
243 429
243 432
243 461
243 481
244 258
244 266
244 379
244 381
244 395
244 409
244 418
244 426
244 476
244 484
244 493
245 258
245 284
245 309
245 342
245 374
245 392
245 404
245 423
245 462
246 255
246 284
246 320
246 341
246 350
246 360
246 395
246 454
246 470
246 473
247 276
247 277
247 332
247 337
247 390
247 412
247 438
247 470
247 493
247 497
248 282
248 307
248 312
248 317
248 323
248 328
248 347
248 352
248 407
248 440
248 445
249 272
249 285
249 336
249 369
249 402
249 429
249 484
249 491
250 252
250 257
250 277
250 342
250 343
250 369
250 371
250 408
250 447
250 472
250 476
251 253
251 270
251 315
251 337
251 360
251 383
251 406
251 409
251 415
251 418
252 259
252 269
252 325
252 368
252 374
252 380
252 404
252 450
252 461
252 467
253 256
253 285
253 301
253 361
253 362
253 385
253 410
253 420
253 468
254 355
254 362
254 452
254 469
254 473
254 500
255 271
255 317
255 319
255 354
255 383
255 414
255 446
255 455
255 465
256 349
256 392
256 464
256 467
256 486
256 495
257 272
257 308
257 358
257 363
257 403
257 405
257 437
257 441
257 457
258 272
258 282
258 284
258 297
258 329
258 335
258 431
258 448
258 480
259 302
259 316
259 320
259 378
259 410
259 436
259 442
259 453
259 491
260 277
260 327
260 330
260 342
260 380
260 413
260 432
260 460
260 465
260 483
261 304
261 332
261 335
261 386
261 427
261 432
261 438
261 439
261 444
261 453
261 474
261 476
261 495
262 273
262 286
262 289
262 297
262 304
262 305
262 388
262 428
262 461
262 478
263 283
263 284
263 289
263 299
263 303
263 376
263 404
263 467
263 485
264 272
264 310
264 351
264 384
264 412
264 418
264 423
264 456
264 466
265 293
265 309
265 322
265 372
265 373
265 383
265 406
265 438
265 470
266 336
266 340
266 372
266 381
266 426
266 471
266 481
266 490
267 286
267 342
267 355
267 360
267 421
267 426
267 441
267 442
267 463
267 481
267 494
268 277
268 295
268 304
268 404
268 413
268 424
268 428
268 460
269 295
269 334
269 365
269 406
269 409
269 463
269 466
269 469
270 325
270 373
270 406
270 414
270 418
270 453
270 458
270 464
270 498
271 283
271 300
271 356
271 367
271 400
271 402
271 431
271 462
271 470
272 300
272 331
272 370
272 449
272 453
272 468
273 293
273 338
273 361
273 362
273 370
273 441
274 321
274 340
274 369
274 383
274 388
274 407
274 417
274 421
274 455
274 494
275 287
275 288
275 300
275 313
275 359
275 376
275 396
275 469
275 493
276 290
276 317
276 361
276 378
276 392
276 407
276 462
276 494
277 322
277 340
277 401
277 440
277 452
277 457
278 279
278 325
278 350
278 371
278 395
278 406
278 452
278 462
278 486
279 337
279 359
279 362
279 380
279 386
279 426
279 445
279 449
280 304
280 311
280 340
280 402
280 414
280 464
280 474
280 475
281 312
281 329
281 361
281 371
281 390
281 428
281 479
281 480
282 310
282 324
282 349
282 353
282 355
282 366
282 446
283 302
283 305
283 347
283 384
283 387
283 395
283 440
283 470
283 493
284 318
284 320
284 381
284 399
284 400
284 452
285 287
285 325
285 341
285 347
285 374
285 392
285 430
285 473
286 288
286 321
286 370
286 380
286 383
286 396
286 422
286 437
286 438
286 498
287 335
287 354
287 360
287 400
287 425
287 479
288 326
288 426
288 431
288 445
288 456
289 300
289 307
289 357
289 384
289 391
289 447
289 478
290 296
290 301
290 332
290 344
290 354
290 398
290 400
290 403
290 424
291 313
291 358
291 373
291 396
291 444
291 447
291 455
291 475
291 488
291 489
292 310
292 311
292 327
292 365
292 368
292 403
292 456
292 500
293 308
293 352
293 375
293 385
293 386
293 429
293 437
293 464
294 330
294 347
294 367
294 385
294 397
294 438
294 453
294 476
295 342
295 346
295 396
295 420
295 475
296 308
296 359
296 376
296 377
296 387
296 404
296 407
296 468
296 485
297 316
297 329
297 338
297 365
297 408
297 416
297 425
297 472
297 478
297 490
298 363
298 365
298 404
298 444
298 453
298 485
298 486
298 491
299 310
299 321
299 362
299 378
299 452
299 455
299 481
299 499
299 500
300 308
300 315
300 328
300 372
300 456
300 476
301 318
301 328
301 349
301 350
301 404
301 410
301 415
301 453
302 355
302 368
302 377
302 397
302 415
302 423
302 433
302 486
303 316
303 318
303 342
303 346
303 417
303 420
303 427
303 477
303 478
303 488
304 311
304 319
304 330
304 335
304 412
304 413
304 439
305 306
305 326
305 339
305 362
305 383
305 453
305 455
305 480
306 311
306 318
306 386
306 388
306 397
306 449
306 472
307 394
307 397
307 406
307 421
307 446
307 449
307 482
308 356
308 410
308 424
308 427
308 462
308 496
309 329
309 374
309 381
309 450
309 459
309 470
309 480
309 484
310 312
310 338
310 401
310 464
310 469
311 326
311 382
311 430
311 453
311 484
311 492
312 313
312 315
312 326
312 335
312 423
312 468
312 497
313 314
313 400
313 468
313 482
313 483
314 355
314 380
314 388
314 389
314 397
314 412
314 439
314 444
314 490
314 495
314 499
314 500
315 336
315 388
315 408
315 420
315 433
315 437
315 440
316 373
316 394
316 427
316 468
317 327
317 332
317 344
317 364
317 380
317 497
318 392
318 422
318 430
318 440
318 449
318 475
318 489
318 492
319 337
319 338
319 341
319 363
319 472
319 496
320 333
320 384
320 390
320 417
320 420
320 428
320 431
320 448
320 477
321 332
321 339
321 347
321 400
321 419
321 427
321 434
321 459
321 465
322 334
322 368
322 371
322 373
322 480
322 484
323 357
323 391
323 460
323 470
324 329
324 331
324 347
324 365
324 384
324 408
324 433
324 436
324 452
324 469
325 348
325 415
325 430
325 445
325 463
325 478
325 491
326 329
326 411
326 412
326 440
326 441
326 455
327 359
327 430
327 436
327 476
327 478
327 479
327 483
328 333
328 335
328 341
328 362
328 397
328 400
328 421
328 488
329 361
329 373
329 464
330 339
330 341
330 380
330 387
330 388
330 425
330 489
330 500
331 405
331 430
331 442
331 454
331 460
331 472
332 379
332 389
332 443
332 446
333 350
333 380
333 444
333 446
333 482
333 495
334 384
334 389
334 393
334 425
334 434
334 447
335 339
335 395
335 401
335 414
335 446
335 453
336 341
336 384
336 488
337 369
337 386
337 427
337 471
337 490
337 496
338 348
338 349
338 372
338 425
338 455
338 493
339 428
339 436
339 455
339 465
339 469
339 496
340 341
340 359
340 385
340 441
340 462
340 467
341 376
341 409
341 449
341 482
342 387
342 418
342 440
342 446
343 357
343 366
343 379
343 399
343 410
343 436
343 438
343 475
344 345
344 348
344 359
344 409
344 422
344 429
344 466
345 348
345 352
345 355
345 360
345 381
345 417
345 419
345 435
345 438
346 363
346 366
346 377
346 408
346 419
346 432
346 471
346 474
347 352
347 382
347 399
347 445
348 355
348 429
348 484
349 411
349 425
349 435
349 448
349 467
349 482
349 493
349 495
350 354
350 355
350 371
350 451
350 495
351 353
351 369
351 394
351 398
351 408
351 409
351 464
351 484
352 356
352 401
352 412
352 425
353 403
353 448
353 451
353 455
353 491
353 494
354 360
354 381
354 434
354 457
354 465
355 376
355 433
355 491
356 364
356 368
356 371
356 389
356 398
356 433
356 459
356 485
357 398
357 458
358 367
358 418
358 439
358 457
358 493
359 375
359 387
359 389
359 401
359 499
360 415
360 439
360 450
360 468
360 472
360 492
361 372
361 428
361 435
361 479
362 424
362 444
362 489
363 454
363 460
364 407
364 411
364 418
364 458
365 385
365 406
365 430
365 435
365 483
366 378
366 395
366 405
366 431
366 471
366 481
366 496
367 373
367 388
367 401
367 403
367 432
367 442
367 447
368 404
368 405
368 430
368 434
368 470
369 422
369 460
369 487
370 385
370 391
370 426
370 450
370 461
370 463
370 474
371 378
371 399
371 451
371 457
371 466
372 395
372 431
372 487
373 376
373 418
373 451
374 410
374 415
374 468
374 475
375 396
375 400
375 417
375 418
375 423
375 433
375 442
375 493
376 383
376 387
376 426
376 448
376 457
377 378
377 399
377 419
377 425
377 449
377 482
378 413
378 465
378 476
378 497
378 500
379 394
379 409
379 411
379 453
379 480
379 500
380 422
380 466
381 420
381 445
381 448
382 394
382 412
382 418
382 443
382 461
382 462
382 474
382 478
383 407
383 443
384 410
384 414
384 458
385 445
385 447
385 460
385 485
385 500
386 399
386 451
386 457
386 475
387 396
387 407
387 462
387 479
387 491
388 390
388 392
388 473
389 456
389 469
389 494
390 391
390 392
390 427
390 448
390 472
390 493
391 395
391 414
392 415
392 463
392 479
392 498
393 396
393 410
393 415
393 435
393 463
393 498
394 411
394 466
394 477
394 480
394 482
395 407
395 445
396 418
396 468
397 424
397 430
397 437
397 447
397 477
397 498
398 421
398 427
398 460
398 493
399 405
399 439
399 442
399 456
399 473
400 407
400 420
400 494
401 415
401 417
401 464
402 471
402 474
403 407
403 441
403 442
403 458
404 415
404 418
404 474
405 431
405 450
405 452
405 454
405 476
405 486
406 467
408 461
408 464
408 481
408 499
409 465
410 471
410 476
410 477
410 481
410 492
411 449
411 454
411 458
411 477
412 459
412 467
412 494
413 414
413 440
413 461
414 429
414 495
414 496
415 436
416 429
416 436
416 442
416 443
417 419
417 492
418 494
419 427
419 472
419 475
420 469
420 471
420 486
421 429
421 451
421 480
422 431
422 468
422 473
422 474
423 456
423 466
423 483
424 433
424 437
424 458
424 481
424 492
425 495
426 431
426 436
426 461
427 439
427 462
427 497
429 436
429 449
429 487
429 491
430 457
430 475
431 490
432 482
432 497
433 435
433 454
433 489
434 475
434 491
434 495
434 499
435 446
435 454
435 490
436 445
436 460
436 493
437 445
437 446
437 454
437 489
437 499
438 447
438 483
439 455
439 456
439 465
439 469
439 495
440 451
440 464
441 448
441 484
441 487
442 486
443 447
443 449
443 488
444 457
444 475
444 478
447 487
448 473
449 454
449 474
450 456
450 463
450 498
451 466
452 454
452 474
452 496
452 497
453 481
455 466
456 471
457 479
458 461
458 464
458 477
458 498
459 483
460 484
460 485
463 467
463 487
466 472
466 484
466 486
469 471
469 472
469 481
470 485
472 487
474 500
477 490
477 498
480 482
480 499
481 494
482 488
483 495
485 490
486 487
487 488
488 499
490 499
492 498
493 496
