1 2
1 3
1 4
1 5
1 7
1 8
1 9
1 10
1 11
1 12
1 13
1 14
1 15
1 16
1 17
1 18
1 19
1 20
1 21
1 22
1 23
1 24
1 25
1 26
1 27
1 28
1 29
1 30
1 31
1 32
1 33
1 34
1 35
1 36
1 37
1 38
1 39
1 40
1 41
1 42
1 43
1 44
1 45
1 46
1 47
1 48
1 49
1 50
1 51
1 52
1 53
1 54
1 55
1 56
1 57
1 58
1 59
1 60
1 61
1 62
1 63
1 64
1 65
1 66
1 67
1 68
1 69
1 70
1 71
1 72
1 73
1 74
1 75
1 76
1 77
1 78
1 79
1 80
1 81
1 82
1 83
1 84
1 85
1 86
1 87
1 88
1 89
1 90
1 91
1 92
1 93
1 94
1 95
1 96
1 97
1 98
1 99
1 100
1 101
1 102
1 103
1 104
1 105
1 106
1 107
1 108
1 109
1 110
1 111
1 112
1 113
1 114
1 115
1 116
1 117
1 118
1 119
1 120
1 121
1 122
1 123
1 124
1 125
1 126
1 127
1 128
1 129
1 130
1 131
1 132
1 133
1 134
1 135
1 136
1 137
1 138
1 139
1 140
1 141
1 142
1 143
1 144
2 3
2 144
3 4
4 5
5 6
6 7
7 8
8 9
9 10
10 11
11 12
12 13
13 14
14 15
15 16
16 17
17 18
18 19
19 20
20 21
21 22
22 23
23 24
24 25
25 26
26 27
27 28
28 29
29 30
30 31
31 32
32 33
33 34
34 35
35 36
36 37
37 38
38 39
39 40
40 41
41 42
42 43
43 44
44 45
45 46
46 47
47 48
48 49
49 50
50 51
51 52
52 53
53 54
54 55
55 56
56 57
57 58
58 59
59 60
60 61
61 62
62 63
63 64
64 65
65 66
66 67
67 68
68 69
69 70
70 71
71 72
72 73
73 74
74 75
75 76
76 77
77 78
78 79
79 80
80 81
81 82
82 83
83 84
84 85
85 86
86 87
87 88
88 89
89 90
90 91
91 92
92 93
93 94
94 95
95 96
96 97
97 98
98 99
99 100
100 101
101 102
102 103
103 104
104 105
105 106
106 107
107 108
108 109
109 110
110 111
111 112
112 113
113 114
114 115
115 116
116 117
117 118
118 119
119 120
120 121
121 122
122 123
123 124
124 125
125 126
126 127
127 128
128 129
129 130
130 131
131 132
132 133
133 134
134 135
135 136
136 137
137 138
138 139
139 140
140 141
141 142
142 143
143 144
144 145
145 146
146 168
146 183
146 212
146 250
146 271
146 356
146 412
146 429
146 475
146 476
146 492
146 494
147 175
147 227
147 248
147 277
147 303
147 329
147 354
147 397
147 399
147 409
147 443
147 484
148 169
148 198
148 207
148 228
148 271
148 308
148 310
148 346
148 384
148 423
148 455
148 494
149 152
149 157
149 204
149 213
149 256
149 314
149 360
149 370
149 397
149 409
149 417
149 469
150 151
150 204
150 219
150 292
150 324
150 364
150 407
150 411
150 415
150 438
150 452
150 454
150 486
151 184
151 274
151 289
151 305
151 311
151 332
151 347
151 396
151 431
151 447
151 471
151 492
152 184
152 185
152 186
152 225
152 228
152 243
152 264
152 309
152 376
152 381
152 428
153 190
153 192
153 238
153 263
153 273
153 307
153 331
153 350
153 379
153 383
153 408
153 437
154 170
154 179
154 229
154 261
154 282
154 333
154 337
154 436
154 440
154 462
154 475
154 499
155 198
155 207
155 238
155 259
155 285
155 296
155 312
155 315
155 366
155 382
155 413
155 484
156 181
156 223
156 260
156 314
156 332
156 371
156 386
156 413
156 415
156 417
156 418
156 471
157 173
157 180
157 196
157 221
157 243
157 283
157 315
157 331
157 387
157 483
157 493
158 198
158 210
158 273
158 295
158 309
158 331
158 336
158 341
158 351
158 380
158 410
158 484
159 160
159 162
159 181
159 233
159 274
159 299
159 315
159 318
159 374
159 401
159 418
159 462
160 178
160 192
160 243
160 259
160 280
160 321
160 353
160 376
160 455
160 467
160 487
161 185
161 237
161 242
161 248
161 268
161 291
161 319
161 344
161 420
161 438
161 442
161 456
162 199
162 328
162 330
162 344
162 356
162 360
162 379
162 393
162 395
162 446
162 489
163 216
163 238
163 241
163 280
163 296
163 298
163 369
163 375
163 442
163 456
163 480
163 490
164 191
164 213
164 274
164 283
164 286
164 328
164 359
164 368
164 394
164 399
164 429
164 470
165 178
165 203
165 204
165 224
165 253
165 289
165 323
165 449
165 480
165 481
165 490
165 492
166 200
166 224
166 275
166 311
166 339
166 364
166 372
166 426
166 446
166 449
166 479
166 489
167 183
167 212
167 213
167 227
167 231
167 244
167 285
167 364
167 375
167 441
167 448
167 491
168 196
168 222
168 246
168 261
168 275
168 281
168 328
168 354
168 358
168 382
168 394
169 195
169 229
169 310
169 333
169 417
169 430
169 441
169 467
169 478
169 485
169 489
170 214
170 224
170 287
170 331
170 390
170 407
170 411
170 422
170 475
170 480
170 491
171 225
171 238
171 266
171 289
171 329
171 359
171 361
171 391
171 409
171 441
171 449
171 482
172 192
172 211
172 308
172 319
172 349
172 362
172 382
172 406
172 411
172 425
172 444
172 470
173 202
173 276
173 328
173 358
173 375
173 398
173 401
173 420
173 465
173 484
173 500
174 176
174 220
174 260
174 312
174 323
174 360
174 368
174 372
174 373
174 468
174 475
174 494
175 182
175 234
175 295
175 338
175 389
175 397
175 401
175 448
175 458
175 473
175 498
176 203
176 223
176 243
176 264
176 281
176 298
176 334
176 371
176 387
176 412
176 425
177 186
177 196
177 245
177 314
177 337
177 348
177 359
177 398
177 420
177 430
177 436
177 443
178 197
178 262
178 281
178 301
178 303
178 371
178 402
178 434
178 444
178 462
179 199
179 263
179 284
179 306
179 355
179 379
179 410
179 420
179 424
179 453
179 459
180 183
180 186
180 208
180 215
180 217
180 246
180 284
180 291
180 370
180 406
180 434
181 197
181 205
181 216
181 222
181 253
181 261
181 275
181 286
181 349
181 366
182 216
182 294
182 299
182 305
182 308
182 324
182 325
182 381
182 412
182 415
182 465
183 187
183 194
183 223
183 359
183 361
183 393
183 459
183 473
183 488
184 243
184 307
184 312
184 413
184 456
184 472
184 477
184 482
184 489
184 499
185 200
185 227
185 243
185 260
185 292
185 296
185 305
185 391
185 426
185 476
186 206
186 299
186 301
186 311
186 360
186 392
186 428
186 465
186 484
187 204
187 232
187 236
187 254
187 265
187 290
187 308
187 338
187 368
187 404
187 463
188 214
188 247
188 267
188 291
188 301
188 330
188 341
188 351
188 373
188 403
188 409
188 459
189 228
189 236
189 249
189 261
189 339
189 362
189 372
189 383
189 385
189 402
189 470
189 486
190 224
190 235
190 289
190 336
190 379
190 381
190 398
190 417
190 418
190 427
190 436
191 193
191 202
191 207
191 222
191 244
191 259
191 263
191 308
191 367
191 404
191 498
192 225
192 237
192 244
192 264
192 293
192 310
192 376
192 405
192 480
193 205
193 228
193 252
193 253
193 269
193 340
193 343
193 374
193 430
193 445
193 496
194 201
194 223
194 228
194 230
194 233
194 270
194 288
194 312
194 321
194 392
194 439
195 212
195 250
195 259
195 290
195 311
195 332
195 351
195 382
195 400
195 447
195 474
196 247
196 309
196 317
196 329
196 352
196 356
196 401
196 464
196 497
197 231
197 235
197 304
197 312
197 331
197 337
197 369
197 371
197 383
197 461
198 240
198 255
198 343
198 352
198 389
198 408
198 432
198 462
198 497
199 220
199 251
199 255
199 279
199 301
199 305
199 308
199 422
199 452
199 478
200 203
200 208
200 209
200 237
200 238
200 290
200 309
200 347
200 361
200 463
201 275
201 288
201 312
201 356
201 369
201 373
201 398
201 410
201 432
201 437
201 445
202 240
202 324
202 355
202 359
202 367
202 381
202 418
202 466
202 468
202 471
203 207
203 208
203 234
203 250
203 263
203 381
203 416
203 427
203 436
204 234
204 257
204 289
204 306
204 330
204 332
204 375
204 466
205 288
205 315
205 399
205 406
205 411
205 414
205 445
205 454
205 471
205 473
206 215
206 245
206 261
206 282
206 288
206 347
206 416
206 433
206 441
206 442
206 480
207 256
207 259
207 343
207 352
207 365
207 396
207 415
207 472
208 236
208 256
208 284
208 339
208 360
208 370
208 398
208 453
208 496
209 217
209 228
209 281
209 285
209 301
209 315
209 320
209 330
209 382
209 408
209 488
210 231
210 241
210 250
210 281
210 287
210 348
210 382
210 394
210 420
210 463
210 491
211 274
211 304
211 315
211 335
211 357
211 399
211 434
211 455
211 458
211 487
211 488
212 318
212 354
212 359
212 405
212 409
212 442
212 455
212 457
212 467
213 214
213 226
213 258
213 294
213 314
213 343
213 378
213 382
213 404
214 250
214 256
214 307
214 317
214 395
214 427
214 452
214 480
214 485
215 227
215 253
215 267
215 351
215 380
215 413
215 425
215 471
215 487
215 495
216 217
216 257
216 259
216 291
216 348
216 360
216 390
216 436
216 441
217 260
217 265
217 366
217 409
217 424
217 436
217 455
217 463
217 498
218 219
218 243
218 306
218 330
218 369
218 372
218 395
218 415
218 444
218 476
218 477
218 481
219 230
219 258
219 290
219 298
219 304
219 339
219 359
219 477
219 481
219 497
220 301
220 326
220 346
220 362
220 388
220 441
220 449
220 463
220 492
220 497
221 224
221 266
221 280
221 372
221 378
221 410
221 413
221 444
221 461
221 463
221 466
222 227
222 234
222 265
222 307
222 329
222 337
222 348
222 396
222 446
223 244
223 267
223 277
223 369
223 373
223 393
223 419
223 435
224 251
224 267
224 269
224 381
224 400
224 423
224 483
225 229
225 273
225 278
225 282
225 320
225 339
225 363
225 386
225 390
226 246
226 268
226 270
226 271
226 284
226 291
226 322
226 349
226 358
226 437
226 460
227 256
227 327
227 423
227 447
227 470
227 486
227 487
228 240
228 356
228 361
228 368
228 376
228 495
229 278
229 369
229 370
229 395
229 418
229 425
229 440
229 471
229 482
230 236
230 262
230 288
230 314
230 321
230 325
230 342
230 345
230 368
230 413
231 258
231 279
231 292
231 363
231 373
231 397
231 447
231 458
231 494
232 239
232 281
232 313
232 319
232 321
232 322
232 352
232 362
232 396
232 399
232 416
233 253
233 275
233 296
233 340
233 350
233 409
233 446
233 452
233 491
233 492
234 296
234 297
234 319
234 323
234 326
234 356
234 364
234 496
235 239
235 249
235 290
235 320
235 384
235 450
235 451
235 457
235 465
235 500
236 291
236 294
236 313
236 364
236 380
236 398
236 479
236 483
237 273
237 286
237 308
237 400
237 407
237 416
237 424
237 432
237 472
238 255
238 310
238 344
238 404
238 412
238 497
238 498
239 248
239 305
239 369
239 372
239 401
239 423
239 446
239 453
239 459
239 492
240 249
240 286
240 287
240 385
240 386
240 416
240 446
240 452
240 456
241 258
241 324
241 333
241 354
241 358
241 414
241 428
241 462
241 472
241 493
242 254
242 256
242 269
242 278
242 313
242 375
242 385
242 411
242 453
242 457
242 495
243 249
243 294
243 348
243 365
243 492
244 252
244 273
244 338
244 371
244 380
244 383
244 449
244 497
245 248
245 254
245 347
245 361
245 428
245 457
245 464
245 482
245 485
245 495
246 247
246 279
246 289
246 347
246 368
246 370
246 445
246 449
246 498
247 287
247 312
247 344
247 352
247 370
247 434
247 440
247 461
247 493
248 271
248 278
248 307
248 338
248 360
248 419
248 487
248 499
249 251
249 263
249 288
249 317
249 372
249 387
249 420
249 475
250 272
250 283
250 294
250 379
250 386
250 392
250 453
251 254
251 268
251 289
251 291
251 314
251 347
251 378
251 393
251 418
252 268
252 281
252 302
252 306
252 350
252 381
252 395
252 400
252 406
252 422
253 275
253 303
253 316
253 349
253 364
253 420
253 427
254 297
254 317
254 326
254 351
254 389
254 421
254 426
254 429
255 263
255 355
255 377
255 413
255 429
255 431
255 441
255 443
255 483
256 276
256 366
256 391
256 419
256 429
256 485
257 260
257 278
257 293
257 306
257 326
257 354
257 401
257 416
257 456
257 465
258 267
258 303
258 335
258 338
258 375
258 417
258 422
258 489
259 292
259 310
259 344
259 346
259 362
259 482
260 272
260 279
260 282
260 287
260 315
260 423
260 499
261 284
261 316
261 341
261 393
261 439
261 464
261 485
262 271
262 310
262 326
262 357
262 374
262 388
262 454
262 463
262 467
262 474
263 298
263 333
263 335
263 352
263 441
263 457
264 300
264 301
264 303
264 351
264 362
264 363
264 386
264 403
264 474
265 268
265 288
265 289
265 340
265 386
265 388
265 399
265 420
265 422
266 269
266 286
266 293
266 302
266 329
266 372
266 411
266 452
266 468
266 479
267 293
267 295
267 302
267 317
267 392
267 415
267 430
268 300
268 307
268 319
268 323
268 398
268 450
268 471
269 272
269 280
269 316
269 337
269 346
269 408
269 443
269 468
270 297
270 300
270 313
270 335
270 347
270 371
270 419
270 455
270 472
270 488
271 283
271 311
271 343
271 359
271 384
271 427
271 484
272 292
272 330
272 354
272 357
272 366
272 383
272 393
272 444
272 466
273 339
273 342
273 394
273 414
273 419
273 489
273 490
274 282
274 295
274 302
274 303
274 353
274 386
274 481
274 500
275 294
275 296
275 336
275 438
275 474
275 475
276 283
276 286
276 303
276 304
276 334
276 370
276 380
276 419
276 448
276 474
277 288
277 303
277 315
277 337
277 345
277 356
277 411
277 414
277 470
277 493
278 287
278 299
278 357
278 409
278 436
278 437
278 471
279 281
279 286
279 304
279 397
279 404
279 428
279 450
279 451
280 342
280 392
280 408
280 430
280 433
280 436
280 473
280 499
281 379
281 420
281 434
281 435
282 329
282 351
282 371
282 377
282 387
282 476
282 479
283 286
283 293
283 296
283 303
283 358
283 396
283 485
284 297
284 345
284 365
284 377
284 424
284 447
284 478
285 303
285 324
285 325
285 353
285 384
285 401
285 415
285 470
285 485
286 429
286 439
286 478
286 489
287 306
287 311
287 325
287 407
287 408
287 434
288 370
288 432
288 452
288 495
289 337
289 344
289 383
289 469
290 317
290 327
290 328
290 369
290 388
290 425
290 487
291 302
291 322
291 332
291 371
291 399
292 298
292 300
292 324
292 332
292 405
292 433
292 477
293 312
293 350
293 367
293 400
293 434
293 457
293 464
294 305
294 321
294 340
294 342
294 354
294 400
295 316
295 340
295 345
295 356
295 387
295 479
295 482
295 495
296 311
296 346
296 362
296 411
296 468
297 322
297 323
297 343
297 405
297 427
297 453
297 467
297 478
298 300
298 386
298 402
298 405
298 408
298 417
298 478
299 314
299 348
299 397
299 403
299 406
299 428
299 476
299 479
300 327
300 330
300 349
300 360
300 374
300 393
300 431
301 322
301 402
301 407
301 464
301 490
302 326
302 402
302 403
302 412
302 432
302 491
302 494
303 411
303 458
304 308
304 315
304 353
304 412
304 417
304 463
304 492
305 341
305 357
305 374
305 384
305 424
305 433
306 331
306 385
306 387
306 425
306 428
306 474
307 309
307 317
307 364
307 405
307 418
307 423
308 323
308 340
308 365
308 462
309 321
309 334
309 376
309 389
309 415
309 425
309 451
310 320
310 321
310 325
310 338
310 376
310 450
311 323
311 353
311 451
311 470
311 491
312 349
312 384
312 484
312 497
313 316
313 357
313 410
313 439
313 442
313 469
313 478
313 492
314 322
314 323
314 352
314 405
314 413
315 366
315 407
315 422
316 318
316 345
316 371
316 406
316 421
316 473
316 477
317 329
317 350
317 423
317 427
317 442
318 329
318 420
318 424
318 435
318 462
318 466
318 486
318 488
318 494
319 330
319 351
319 377
319 379
319 416
319 439
319 464
320 325
320 353
320 386
320 388
320 418
320 433
320 465
320 478
321 386
321 387
321 398
321 462
321 500
322 339
322 407
322 415
322 428
322 439
322 440
323 330
323 343
323 363
323 467
324 398
324 417
324 420
324 455
324 459
324 483
325 328
325 351
325 354
325 413
325 433
325 497
326 339
326 342
326 414
326 443
326 490
326 499
327 335
327 372
327 381
327 390
327 408
327 460
327 475
327 484
327 499
328 423
328 440
328 444
328 454
328 463
328 488
329 391
329 398
329 404
329 464
330 335
330 413
330 446
331 366
331 378
331 415
331 476
331 479
331 481
332 345
332 389
332 417
332 425
332 427
332 471
333 335
333 347
333 361
333 364
333 411
333 412
333 457
333 490
334 341
334 343
334 372
334 388
334 391
334 410
334 416
334 419
334 498
335 340
335 405
335 454
335 472
335 493
336 344
336 412
336 437
336 439
336 454
336 458
336 459
336 478
336 495
337 383
337 453
337 455
337 483
337 494
338 350
338 428
338 436
338 445
338 479
338 487
339 343
339 349
339 373
339 421
340 357
340 383
340 386
340 464
340 477
341 350
341 351
341 433
341 473
341 477
341 488
341 500
342 363
342 367
342 380
342 407
342 426
342 431
342 452
343 386
343 404
343 421
344 366
344 367
344 414
344 461
344 491
345 396
345 414
345 437
345 453
345 467
345 472
346 388
346 426
346 453
346 460
346 465
346 469
346 479
347 381
347 401
347 423
347 493
348 349
348 363
348 438
348 439
348 454
348 458
349 374
349 423
349 482
349 485
350 374
350 379
350 382
350 426
350 491
351 356
351 426
352 361
352 382
352 383
352 406
352 415
353 385
353 451
353 462
353 467
353 469
353 482
354 382
354 467
354 468
354 470
355 368
355 388
355 395
355 412
355 433
355 435
355 441
355 460
355 496
356 389
356 410
356 477
357 439
357 440
357 475
357 488
357 499
358 365
358 372
358 399
358 429
358 493
358 494
358 496
359 360
359 435
359 450
359 480
360 365
360 397
360 421
361 391
361 422
361 435
361 440
361 488
362 377
362 400
362 420
362 460
362 482
363 394
363 395
363 416
363 438
363 451
363 458
364 369
364 373
364 377
364 457
365 376
365 391
365 439
365 440
365 457
365 469
366 381
366 387
366 421
366 438
367 422
367 448
367 449
367 451
367 461
367 493
367 496
368 404
368 408
368 443
368 449
368 476
369 377
369 476
369 480
370 403
370 444
370 447
370 460
371 384
371 421
371 424
372 430
373 399
373 402
373 437
373 483
373 486
374 378
374 403
374 431
374 436
374 469
375 383
375 393
375 402
375 410
375 460
375 496
376 397
376 406
376 430
376 440
376 498
377 388
377 426
377 444
377 461
377 477
378 393
378 394
378 427
378 438
378 445
378 476
378 480
379 395
379 400
379 454
379 490
380 411
380 450
380 458
380 463
380 465
380 500
381 391
381 458
382 406
382 456
383 403
383 497
384 429
384 443
384 469
384 473
384 493
385 395
385 446
385 464
385 465
385 467
385 468
385 486
387 470
387 481
387 487
387 497
388 426
388 446
388 475
389 404
389 408
389 452
389 467
389 474
389 496
390 432
390 433
390 434
390 443
390 459
390 473
390 480
390 482
391 414
391 424
391 451
391 500
392 399
392 436
392 456
392 482
392 483
392 494
392 500
393 413
393 438
393 491
394 401
394 423
394 435
394 450
394 475
394 490
395 457
395 461
395 495
396 406
396 424
396 431
396 432
396 446
396 451
397 416
397 430
397 444
397 499
398 477
398 486
399 484
399 495
400 405
400 461
400 462
400 478
401 454
401 468
401 488
402 428
402 429
402 440
402 455
402 498
403 435
403 458
403 466
403 474
403 496
404 414
404 427
404 471
405 450
405 470
405 489
406 452
406 481
407 408
407 419
407 434
407 459
408 462
409 417
409 435
409 448
409 500
410 419
410 446
410 450
410 497
411 476
412 430
412 448
412 476
413 455
414 431
414 470
414 485
415 473
416 479
416 495
417 461
417 469
418 431
418 441
418 445
418 478
419 442
419 454
419 486
421 468
421 476
421 487
421 494
421 500
422 447
422 469
422 494
422 498
423 460
424 430
424 438
424 478
425 440
425 449
425 451
425 459
426 427
426 450
426 483
427 429
428 466
428 468
429 469
429 483
430 447
430 492
431 449
431 456
431 477
431 496
432 448
432 449
432 474
432 491
432 499
433 469
433 480
433 491
434 451
434 474
434 483
435 438
435 453
435 490
436 441
437 440
437 447
437 480
437 492
437 498
438 444
438 482
439 459
439 491
441 460
442 460
442 471
442 481
442 486
442 495
443 460
443 466
443 472
443 487
444 463
444 464
445 447
445 456
445 467
445 468
445 470
446 466
447 461
447 487
448 450
448 454
448 458
448 479
448 489
449 471
450 460
451 485
452 462
452 479
453 454
453 496
455 473
455 486
456 473
456 486
456 490
457 464
457 481
458 461
459 465
459 488
461 493
463 493
464 472
465 477
465 494
466 481
466 489
466 490
468 497
472 484
472 486
472 499
473 496
474 499
474 500
475 489
475 492
481 487
481 498
483 489
484 485
484 488
485 495
490 498
493 500
